30178   
79976   
98115   
48067   
74024   
27886   
96740   
67907   
67907   
44723   
93498   
40423   
83980   
99100   
86124   
85070   
27012   
87887   
86960   
9041    
32638   
32049   
64375   
18717   
61946   
43197   
52166   
81596   
57787   
53503   
52166   
86851   
8385    
85947   
44637   
22413   
35979   
88454   
75469   
93670   
72629   
21369   
36937   
85671   
49798   
76580   
52364   
26269   
90472   
57315   
44566   
66560   
67342   
67907   
8637    
26515   
64375   
30575   
59430   
14489   
2459    
85070   
12772   
35240   
88022   
98516   
82864   
88022   
14592   
41880   
28246   
18453   
28680   
83439   
90521   
74574   
71502   
27111   
25940   
88022   
22413   
62368   
9041    
85984   
98032   
48264   
66560   
31915   
29187   
67907   
45560   
94509   
12111   
93670   
63900   
36199   
30660   
22413   
56892   
31152   
86851   
80476   
53130   
40080   
14242   
67907   
3335    
7768    
30660   
16443   
13769   
36937   
92573   
41880   
15350   
16265   
55859   
38331   
74035   
27111   
14242   
72629   
26559   
14242   
81748   
27111   
35556   
27111   
48584   
74946   
56906   
84511   
60134   
40423   
88022   
88323   
64228   
29024   
87793   
64375   
77213   
58315   
74847   
15868   
4757    
44723   
16430   
25818   
67342   
6987    
67907   
36199   
5804    
15350   
91208   
16711   
15227   
23987   
93437   
83454   
49798   
25940   
40528   
67907   
38120   
31640   
60807   
68585   
7488    
90257   
44152   
46764   
55637   
89055   
36863   
72503   
46689   
89396   
49506   
67907   
96738   
94666   
72629   
36079   
46480   
19145   
23536   
78672   
48662   
76389   
67907   
27726   
17769   
10349   
84502   
85255   
69668   
46026   
6535    
50409   
58245   
70457   
6823    
82150   
34376   
59795   
29831   
36937   
9884    
40780   
58935   
62517   
60382   
12586   
18249   
40528   
81802   
64375   
53379   
93670   
57316   
61304   
42961   
27111   
51814   
4908    
85671   
18510   
3025    
75163   
60100   
86124   
30784   
69514   
98191   
42652   
67907   
82557   
88999   
22843   
16265   
18917   
86258   
27111   
36079   
64933   
94310   
16265   
39395   
53155   
7768    
59103   
73297   
8196    
67608   
60411   
15698   
96985   
79840   
39395   
83454   
18453   
40690   
9209    
66560   
41403   
39706   
20968   
29041   
22430   
12588   
48584   
25029   
14189   
83804   
16443   
67907   
36937   
59228   
71868   
22334   
93670   
93498   
57958   
18717   
9493    
1556    
57771   
19794   
40730   
72088   
48067   
19145   
36937   
14189   
16317   
56306   
71635   
67907   
64375   
66560   
92575   
20002   
34376   
99378   
52381   
29041   
81535   
58935   
36079   
7791    
29691   
69803   
14742   
33760   
64658   
58315   
36079   
93315   
72109   
29309   
12588   
33971   
48662   
48584   
33206   
9884    
68966   
60308   
5804    
34376   
12972   
96053   
446     
84511   
14632   
24944   
36937   
10026   
48067   
31739   
16265   
91866   
98223   
39093   
71868   
40080   
83721   
60807   
80787   
52748   
34977   
5319    
76843   
27111   
51611   
5048    
12937   
71602   
14489   
89997   
39893   
63018   
10666   
40749   
14489   
86124   
69615   
81828   
56540   
40080   
46075   
22540   
42027   
36079   
67907   
64375   
86258   
27646   
43842   
39144   
64823   
27111   
53297   
5804    
36079   
40080   
69813   
2038    
5936    
86851   
84511   
73280   
16265   
54289   
37848   
43395   
93711   
16265   
16265   
87509   
47576   
36937   
63912   
16267   
28903   
20463   
78053   
9884    
89555   
64823   
73280   
74410   
36937   
73029   
37751   
73011   
76660   
24944   
68176   
52166   
2038    
27260   
18958   
381     
87328   
40423   
86057   
16265   
19145   
36169   
31152   
82384   
86241   
26983   
31152   
7547    
2987    
24944   
22413   
44904   
83488   
28754   
67907   
67907   
52181   
6209    
22430   
52007   
3047    
5064    
33874   
67907   
14586   
27111   
69785   
89227   
36937   
10916   
79686   
63249   
26196   
20716   
16265   
36160   
89654   
16265   
80476   
14489   
69514   
85918   
6513    
90624   
52364   
93830   
90472   
49394   
79910   
12588   
46946   
98115   
88942   
1556    
16267   
55859   
59841   
20514   
92596   
40842   
62517   
62517   
51612   
36545   
36545   
10279   
93315   
81385   
39800   
51617   
18717   
46026   
86473   
17263   
48277   
77316   
83785   
20787   
40690   
40080   
56892   
7488    
22413   
89742   
66560   
15356   
72698   
48203   
58656   
20514   
70867   
57810   
27685   
52435   
89667   
72493   
22413   
28480   
2038    
90521   
63313   
40423   
79165   
66560   
26983   
11451   
90562   
16267   
86207   
98890   
49817   
26057   
38120   
86124   
8887    
90547   
99373   
9533    
29309   
13590   
36937   
71359   
76843   
33722   
86124   
52189   
57810   
26196   
32932   
83856   
36937   
7768    
32917   
53496   
24944   
84372   
39093   
93475   
37065   
67704   
82383   
52166   
96740   
40842   
21853   
48067   
62370   
88164   
86851   
6823    
19664   
45099   
83207   
48290   
68477   
64375   
93670   
89555   
69255   
87139   
40690   
67907   
62477   
46845   
34517   
31161   
9288    
80159   
44230   
64823   
1509    
6823    
21134   
9584    
22843   
34376   
22413   
20002   
91840   
79840   
71726   
48584   
39395   
16265   
87581   
85671   
26568   
20002   
1078    
1664    
24944   
69514   
27111   
14189   
39162   
85302   
52778   
95063   
79595   
71809   
36937   
1556    
86241   
72493   
5783    
14370   
52364   
98516   
16267   
61679   
76449   
67342   
24944   
26057   
67907   
58656   
1491    
58315   
42659   
74380   
21482   
68723   
17263   
16265   
76093   
98732   
39234   
15227   
7488    
39093   
14242   
2038    
22413   
79231   
16267   
49506   
62368   
49798   
97122   
92597   
66533   
92938   
25587   
63439   
37350   
96461   
50334   
51420   
36937   
26983   
7768    
43717   
79976   
40423   
80296   
22413   
99666   
16443   
70346   
15227   
36937   
38599   
2987    
56913   
67014   
66406   
89555   
83856   
88108   
84409   
33140   
31376   
58315   
66560   
48584   
13907   
26057   
71041   
12741   
57810   
14242   
28850   
60807   
25818   
16265   
36937   
15223   
16775   
14242   
58928   
74847   
8161    
39538   
49467   
62247   
55637   
120     
3270    
67907   
71809   
58315   
53395   
43662   
52086   
51785   
10349   
53297   
12111   
9584    
42961   
66560   
31739   
49137   
48584   
60183   
62517   
73888   
80761   
67907   
36937   
86124   
64477   
67965   
85302   
7208    
62517   
10100   
49394   
98678   
57832   
44605   
88616   
27386   
60807   
98278   
58245   
37813   
93498   
48067   
40760   
27111   
80296   
63542   
28076   
5804    
40794   
34376   
96026   
88022   
84909   
90472   
57143   
83623   
36937   
89782   
47032   
30660   
55090   
50913   
98191   
10349   
6801    
93202   
36160   
13734   
26057   
25940   
98223   
68790   
76487   
44566   
39093   
98757   
58935   
8314    
90624   
96053   
43205   
67907   
27437   
52166   
25334   
70346   
32932   
85752   
41070   
95063   
89555   
57810   
17463   
35069   
48203   
22413   
96986   
42652   
19553   
60567   
40080   
66560   
26983   
40080   
53995   
85671   
83454   
86234   
26097   
84333   
84247   
14242   
81771   
93884   
29041   
46083   
7983    
88323   
79586   
49798   
54189   
60100   
36937   
98678   
93771   
35122   
60807   
459     
31147   
36937   
30049   
97498   
57951   
45099   
63675   
39182   
83671   
92816   
6784    
32122   
92816   
69514   
27111   
6513    
5804    
2038    
19299   
67907   
76081   
67907   
45099   
27111   
16443   
83309   
16265   
98191   
47582   
98191   
81394   
87930   
64823   
7545    
41070   
78878   
51168   
93475   
72629   
40423   
9881    
92062   
68049   
31769   
67907   
39093   
67907   
29041   
12027   
20128   
66560   
63313   
96461   
51168   
23987   
20128   
64375   
83199   
17263   
84372   
44605   
99666   
57122   
17909   
6823    
48964   
75847   
18510   
36079   
79888   
34517   
67907   
69785   
8700    
8887    
66291   
67907   
64823   
36970   
98115   
51591   
18717   
52551   
89555   
58935   
77811   
58788   
88164   
26666   
94925   
72320   
98319   
73569   
69810   
46026   
59540   
32122   
64823   
50348   
64823   
72088   
25587   
19145   
79976   
83785   
13071   
54691   
44640   
70284   
26800   
20471   
95025   
58315   
25056   
35423   
71128   
40690   
44026   
40080   
80787   
88705   
75075   
76684   
64375   
2988    
86057   
93141   
47910   
6513    
12832   
96204   
13590   
55637   
45183   
14242   
39024   
40080   
74815   
14027   
28401   
16265   
39366   
53649   
14632   
38872   
26057   