83303   65280   84332   30661   99284   
51504   33837   7707    37800   45453   
97551   46166   82573   82970   94318   
35243   15806   20322   97123   80420   
86531   83862   90845   27592   25640   
32194   36288   60323   86215   47832   
79215   99745   3546    88333   38920   
14542   87816   3787    9117    88482   
93314   54668   71112   81916   99317   
7581    95224   30307   3223    30134   
89542   70660   39716   60233   32258   
90250   97076   90443   27520   86969   
84269   24713   3311    1447    47811   
44272   1678    69979   7417    22404   
74171   19823   74691   14681   1353    
96092   59945   33188   43121   8468    
7676    96769   38672   56130   73303   
79215   99745   3546    88333   38920   
78740   83456   36530   64706   57844   
82736   68331   67773   67292   78      
69099   15439   4084    70897   97357   
74764   42688   76316   81873   63108   
70292   19835   74325   91034   53520   
67347   17084   51753   25821   75643   
12581   89967   39674   86393   17742   
90695   40112   66222   2068    39012   
4804    54532   70380   29335   75860   
53784   79453   33837   29478   54539   
30323   46796   2121    71393   24272   
86772   89113   7633    40610   86587   
44573   46728   68954   12230   58069   
6220    7223    7798    46391   52118   
75683   74269   69304   76741   86797   
38703   69710   29807   20924   31679   
43140   83139   9252    36891   69215   
70315   12366   71073   18371   24869   
55248   11853   75510   66924   72693   
35582   23767   82203   10878   45356   
78433   58586   40121   65265   52546   
68320   85479   47445   95807   80520   
29073   60305   60294   44010   22325   
99564   41792   86175   43548   23720   
48006   48098   67845   64568   78015   
45880   28651   58584   22072   35393   
90250   97076   90443   27520   86969   
31987   41892   9961    21761   93222   
22367   24837   86342   77551   95035   
53074   975     94790   99687   42763   
79099   6551    29147   68682   85121   
30485   23287   35402   28005   33754   
36116   79709   90471   70718   65243   
76989   19432   53862   87781   61832   
82055   1956    53112   37400   90951   
99316   79596   24383   40560   56269   
41563   58641   8978    44692   94168   
76738   40240   87400   14805   24924   
58724   78723   57875   97643   23165   
44032   64490   63347   66181   47871   
18150   85151   53551   94178   17838   
76734   10687   71960   35789   11145   
15376   64815   50114   93649   10710   
17854   99831   16856   34773   31438   
25239   93806   87218   79900   37753   
37699   94188   57782   49613   92034   
61020   94453   64053   57736   93317   
29901   43130   89890   29963   55081   
61037   27750   91384   83149   72332   
42937   33034   23165   33948   57377   
37891   97049   28017   2034    9913    
54068   7979    63674   48242   2101    
66739   38591   75304   94518   5691    
96808   57404   95388   67519   3550    
80876   61976   8557    97      28347   
98501   27771   92893   5494    51150   
90250   97076   90443   27520   86969   
22219   52548   73418   12622   77652   
43878   17055   83956   61424   43512   
63341   72078   5204    9656    64426   
88614   94961   75175   78443   29685   
50231   44528   30188   244     54218   
77342   47284   16417   55442   68048   
27829   98395   64513   5293    97511   
27170   24352   88927   39435   16281   
39821   796     64152   53185   37054   
11833   35547   78462   15556   76907   
16973   49094   83415   6664    77567   
32596   71887   2484    2995    40162   
78058   90424   91339   32955   98152   
98501   27771   92893   5494    51150   
34017   2666    38444   35359   33251   
22695   18848   26261   98988   5351    
48006   48098   67845   64568   78015   
98123   6756    5064    8232    47988   
72430   86146   35351   69747   43938   
17393   69378   40701   89529   73546   
83775   9626    47915   73770   17109   
87359   39684   23938   30678   3439    
35243   15806   20322   97123   80420   
20480   35312   58601   6706    71135   
63958   67190   42757   34139   22772   
25614   36001   20978   96144   22004   
17417   44436   3001    84018   4174    
67347   17084   51753   25821   75643   
74033   91258   80983   65831   48941   
51504   33837   7707    37800   45453   
96512   37303   16368   89139   28428   
58724   78723   57875   97643   23165   
44573   46728   68954   12230   58069   
90250   97076   90443   27520   86969   
15122   84758   33740   24588   32614   
35243   15806   20322   97123   80420   
86004   2952    99863   90960   47995   
19502   29681   77536   10260   15507   
66689   16975   39289   41775   72580   
57989   76277   84419   99613   26543   
80701   78713   28828   89993   50941   
37699   94188   57782   49613   92034   
90250   97076   90443   27520   86969   
92169   76459   77979   80299   90298   
76619   77005   90745   59032   68537   
90250   97076   90443   27520   86969   
2848    91562   36647   90874   28141   
89370   62981   37820   15653   15722   
92604   22959   8562    97860   36872   
42483   96504   28513   40747   13867   
74179   86285   45975   25103   69394   
7971    93347   9844    43942   64853   
35571   48592   20074   79178   98269   
41563   58641   8978    44692   94168   
67377   76825   49834   85328   95735   
89198   67866   48386   74027   49383   
93662   63080   66687   72689   25859   
74495   73996   90465   39841   54162   
32143   112     90770   47085   21366   
44032   64490   63347   66181   47871   
19106   92045   98423   90689   42458   
37717   60738   46361   9272    64766   
79215   99745   3546    88333   38920   
68320   85479   47445   95807   80520   
46404   58307   7723    68828   66488   
65134   43815   56692   40460   98111   
44573   46728   68954   12230   58069   
15122   84758   33740   24588   32614   
68320   85479   47445   95807   80520   
87296   37655   99270   57079   97546   
99341   23918   33614   90267   73519   
29073   60305   60294   44010   22325   
27144   18696   29817   99568   14272   
68320   85479   47445   95807   80520   
38076   60131   6572    94175   11653   
74129   93158   36      36937   70685   
69540   69997   49416   29390   28317   
57023   90560   87686   55676   33130   
96402   45406   87691   40090   42102   
3778    31310   37668   46280   49893   
96703   32296   63922   27051   30656   
87166   54102   62619   93901   85763   
71115   81266   10386   26226   62489   
81624   2920    5729    71721   2491    
44573   46728   68954   12230   58069   
5753    20343   48830   45909   28837   
97640   65313   97232   75167   83575   
90834   16342   71897   92717   63537   
29073   60305   60294   44010   22325   
48320   54457   11630   75036   4428    
32143   112     90770   47085   21366   
75360   46306   84538   47044   32417   
95742   88396   20242   15763   99434   
17854   99831   16856   34773   31438   
32364   32519   70160   66467   95988   
73532   64506   62548   33329   72871   
44573   46728   68954   12230   58069   
22219   52548   73418   12622   77652   
55312   51856   67864   97178   4532    
42833   70617   66634   63395   62432   
36116   79709   90471   70718   65243   
42891   7946    50329   35238   47127   
48006   48098   67845   64568   78015   
40855   97263   93085   46117   52305   
28819   40113   81676   70090   87201   
92440   44151   27659   19585   40702   
89324   20452   87945   72927   87960   
37699   94188   57782   49613   92034   
72878   88703   63709   92488   67164   
59390   32683   23039   50010   77783   
49783   31240   34940   83031   63721   
34504   63264   58540   89954   36631   
5753    20343   48830   45909   28837   
91755   80180   67495   73821   66859   
96281   67640   98387   8727    98602   
34233   62016   67530   45635   12201   
4946    90294   97961   69016   13768   
58842   2440    13060   25600   47798   
42564   78656   18033   67798   79769   
91134   9896    28451   91084   69819   
67462   85210   17038   62228   29580   
76619   77005   90745   59032   68537   
54509   381     14297   8632    9195    
75193   26384   14039   44861   14252   
84269   24713   3311    1447    47811   
37717   60738   46361   9272    64766   
29901   43130   89890   29963   55081   
17854   99831   16856   34773   31438   
82612   70823   14204   58589   92002   
28119   94562   57471   79848   78578   
67347   17084   51753   25821   75643   
10177   4625    79486   46968   19223   
4946    90294   97961   69016   13768   
15284   68683   43443   85736   98404   
87488   34685   92788   42705   18927   
95923   90032   41262   73350   88998   
74955   53972   70296   88456   77058   
69382   63286   81635   98997   35009   
64290   946     26855   91384   64416   
48476   93987   76808   23215   4993    
76606   99184   10288   44044   9641    
51331   16257   32502   15246   67387   
58690   88442   81312   2054    91710   
90250   97076   90443   27520   86969   
28151   85105   99605   26472   65146   
50231   44528   30188   244     54218   
65621   784     28388   39971   23086   
33361   42113   26061   42984   24903   
5753    20343   48830   45909   28837   
53784   79453   33837   29478   54539   
72585   39589   52899   23519   54683   
74045   31590   71553   21020   96262   
24736   53282   2857    29567   27291   
44573   46728   68954   12230   58069   
75723   31368   6104    3710    61719   
83465   21468   94709   93913   99552   
37346   22787   3881    82375   49214   
20898   60696   16777   31      67210   
80671   91914   77560   42694   13486   
95164   84214   16086   27382   26660   
22219   52548   73418   12622   77652   
92436   10693   40441   48188   96189   
12105   338     38741   93013   42224   
96703   32296   63922   27051   30656   
55790   69071   97225   49053   71180   
31452   31137   12869   27571   24226   
78116   10301   10355   55860   46625   
44573   46728   68954   12230   58069   
96092   59945   33188   43121   8468    
44069   95482   70656   78562   4473    
96808   57404   95388   67519   3550    
96046   24899   97543   94850   1634    
6978    50432   22849   48357   35365   
50523   62062   51160   72047   63790   
53285   25032   88175   92254   88778   
78917   30642   17099   97267   66602   
20898   60696   16777   31      67210   
96916   68069   44992   32698   99477   
67402   86260   13559   79731   75237   
61687   88013   90738   84049   99068   
28680   89888   43292   21161   59829   
48006   48098   67845   64568   78015   
78943   56848   64711   28158   3903    
25603   569     57374   83594   31356   
7862    70509   11472   1358    912     
54450   5741    18321   62366   90229   
4612    42655   15314   41530   32059   
46757   95518   60340   53266   8539    
9294    26676   83283   24658   53555   
12910   64520   62058   97354   49539   
79215   99745   3546    88333   38920   
72958   73136   92055   4790    71134   
40855   97263   93085   46117   52305   
4804    54532   70380   29335   75860   
90250   97076   90443   27520   86969   
32469   76609   97959   95266   14853   
99341   23918   33614   90267   73519   
93662   63080   66687   72689   25859   
6307    54036   88519   5365    59581   
21361   55274   46917   56397   97594   
71115   81266   10386   26226   62489   
940     16179   52971   65714   94507   
48006   48098   67845   64568   78015   
66245   91081   42892   33866   45089   
84469   57763   84513   43237   5027    
52571   63812   29597   74007   71707   
87488   34685   92788   42705   18927   
73094   21010   71571   7327    39496   
3393    12067   11210   37809   83081   
96402   45406   87691   40090   42102   
17854   99831   16856   34773   31438   
24059   66754   87699   37214   34787   
40738   86657   24771   44243   64543   
42639   10955   40929   96639   3024    
69885   83578   61421   81743   39383   
70706   84496   84586   62259   92111   
96402   45406   87691   40090   42102   
96402   45406   87691   40090   42102   
99310   72419   50840   71422   44840   
46934   26581   46331   55850   16126   
44297   14822   61256   53426   90609   
91379   50644   18776   9466    78188   
34614   31623   11952   11875   40690   
357     78692   63564   25801   16010   
41312   11723   9432    69648   9708    
99564   41792   86175   43548   23720   
50231   44528   30188   244     54218   
35571   48592   20074   79178   98269   
54062   27493   46713   27080   94012   
89198   67866   48386   74027   49383   
11554   8405    77282   71822   5452    
57463   73108   99414   6592    36705   
63283   34589   96428   42803   22165   
95665   59461   14539   60823   337     
80659   54986   15761   29592   24338   
41936   72712   98627   52244   78066   
99316   79596   24383   40560   56269   
26963   7531    9488    76430   78563   
22001   64084   2587    41411   81361   
85984   45267   59809   9657    36708   
52730   66024   83183   76800   93655   
12407   20944   67969   82579   92273   
89339   76612   73714   18860   56298   
90744   22387   83327   74541   39377   
74955   53972   70296   88456   77058   
59615   18007   17826   85312   18460   
47545   72798   71916   43400   96729   
14715   79842   95893   8501    88872   
13840   99178   74894   65658   93859   
58507   50111   27463   42275   85536   
54947   84884   77510   73733   40500   
58647   55533   85115   81927   54166   
96916   68069   44992   32698   99477   
90250   97076   90443   27520   86969   
12910   64520   62058   97354   49539   
85115   94227   89818   37074   90661   
98501   27771   92893   5494    51150   
49312   68689   57281   78916   90567   
74976   82752   6878    7524    64569   
2835    45047   66373   58464   93631   
39821   796     64152   53185   37054   
42210   40335   4222    9574    44878   
72430   86146   35351   69747   43938   
60596   60420   47007   84437   72579   
22380   94243   93429   98846   67591   
7676    96769   38672   56130   73303   
96804   83070   46108   43      21493   
555     86100   54501   72362   27864   
5753    20343   48830   45909   28837   
26666   17159   72111   38457   47680   
62590   53623   13169   82726   50394   
65775   79495   80722   27390   67662   
57252   13238   13616   67126   92589   
57463   73108   99414   6592    36705   
48006   48098   67845   64568   78015   
58647   55533   85115   81927   54166   
3277    9199    99549   75689   33786   
79215   99745   3546    88333   38920   
71070   95821   34268   28597   14030   
36165   98925   54853   2548    24793   
71629   93122   42532   5561    82142   
31030   95409   70405   80136   75652   
96092   59945   33188   43121   8468    
22219   52548   73418   12622   77652   
87488   34685   92788   42705   18927   
61163   4       50890   31002   71912   
22219   52548   73418   12622   77652   
49722   94204   75702   97279   13241   
48006   48098   67845   64568   78015   
85127   69057   85431   38456   8899    
14715   79842   95893   8501    88872   
19106   92045   98423   90689   42458   
31987   41892   9961    21761   93222   
80534   73089   15154   55025   8651    
10978   53782   96241   33590   46328   
68320   85479   47445   95807   80520   
90496   95791   47650   50287   64713   
3157    36025   9947    83927   95638   
53299   13562   93459   92429   7699    
75283   63728   35331   6673    28270   
49312   68689   57281   78916   90567   
45144   90287   39434   29176   86066   
50723   62798   5837    15102   39154   
44573   46728   68954   12230   58069   
54947   84884   77510   73733   40500   
49410   42998   11594   38943   4919    
28819   40113   81676   70090   87201   
48476   93987   76808   23215   4993    
44573   46728   68954   12230   58069   
3664    22902   53377   58415   46603   
22219   52548   73418   12622   77652   
98675   84342   85061   26947   19496   
90250   97076   90443   27520   86969   
89068   24027   87559   90852   59842   
25614   36001   20978   96144   22004   
73481   54780   63577   9344    8303    
89363   46890   16756   89575   64811   
67549   47668   62075   21721   85914   
155     63712   47057   70441   89245   
97683   88337   11086   53842   68694   
28421   52671   9236    41685   96243   
55248   11853   75510   66924   72693   
46404   58307   7723    68828   66488   
79215   99745   3546    88333   38920   
47238   71266   32578   78813   30583   
44573   46728   68954   12230   58069   
10881   42514   7646    54972   33542   
92233   91480   36025   44193   33989   
93982   70719   9442    48782   97448   
60909   12912   37102   77003   63511   
71262   89460   27979   37549   45049   
95613   38702   89764   36205   46321   
29204   11137   88325   29789   76114   
55248   11853   75510   66924   72693   
43878   17055   83956   61424   43512   
25603   569     57374   83594   31356   
69211   92851   39102   43220   31035   
84509   20617   12110   2358    43807   
25603   569     57374   83594   31356   
59287   12762   60085   56103   46348   
35232   26699   72538   48760   9835    
6730    82994   19446   13885   22853   
72964   36016   26394   67717   77459   
99341   23918   33614   90267   73519   
48006   48098   67845   64568   78015   
12721   31311   25459   6628    17582   
40556   20325   60481   72080   81799   
89324   20452   87945   72927   87960   
21969   53321   73271   94343   57026   
36165   98925   54853   2548    24793   
47707   92480   4277    87225   86843   
99143   23675   3860    44855   99282   
65621   784     28388   39971   23086   
37724   71410   54306   58534   57904   
35410   2840    57581   2925    49014   
17192   52107   10305   21101   38263   
48006   48098   67845   64568   78015   
81336   21093   5553    86133   32460   
85440   62393   68700   1382    54079   
5753    20343   48830   45909   28837   
4946    90294   97961   69016   13768   
44573   46728   68954   12230   58069   
22219   52548   73418   12622   77652   
42121   29329   65767   18211   92631   
85011   96580   66479   80118   59871   
4804    54532   70380   29335   75860   
22219   52548   73418   12622   77652   
84269   24713   3311    1447    47811   
44573   46728   68954   12230   58069   
12966   80125   11315   97000   97323   
77832   28433   34218   55255   13214   
58724   78723   57875   97643   23165   
89542   70660   39716   60233   32258   
22219   52548   73418   12622   77652   
84269   24713   3311    1447    47811   
20208   29215   26700   32705   14300   
62183   30824   33349   25651   12714   
58881   23648   65648   52696   19254   
37699   94188   57782   49613   92034   
97585   71158   852     83844   54865   
58647   55533   85115   81927   54166   
84826   96693   81734   95723   72713   
55766   97715   8029    56819   45621   
28119   94562   57471   79848   78578   
83018   96388   68768   76796   33191   
89437   41532   46074   58558   78175   
74008   47569   26354   93753   93951   
61651   18466   92089   26506   38541   
26204   1608    79511   12115   85775   
79215   99745   3546    88333   38920   
57531   43827   30950   9870    69115   
65890   79341   59720   26818   16519   
71070   95821   34268   28597   14030   
81731   91293   10423   96215   25910   
89542   70660   39716   60233   32258   
37717   60738   46361   9272    64766   
89542   70660   39716   60233   32258   
33985   12556   28054   35066   73073   
50231   44528   30188   244     54218   
11520   89396   27998   21208   81148   
32143   112     90770   47085   21366   
40941   64185   69380   26575   43483   
58647   55533   85115   81927   54166   
57989   76277   84419   99613   26543   
71038   80615   14492   75040   9847    
75676   47689   88914   13933   88923   
42693   46669   38980   49091   22787   
2848    91562   36647   90874   28141   
77908   53099   29047   11248   76482   
55188   85321   83394   92602   21853   
89198   67866   48386   74027   49383   
44573   46728   68954   12230   58069   
48702   59485   6505    18914   66400   
5787    53002   79955   2654    63894   
48907   33229   44638   43101   96108   
88615   54872   95377   2333    35124   
48006   48098   67845   64568   78015   
72398   9072    41971   50925   9323    
93342   1213    27923   79035   59700   
84509   20617   12110   2358    43807   
90744   22387   83327   74541   39377   
51430   12599   77505   42782   48555   
83775   9626    47915   73770   17109   
10881   42514   7646    54972   33542   
81625   92379   55587   40517   29819   
81977   72873   31572   11377   31358   
98501   27771   92893   5494    51150   
59190   56463   99275   39627   64924   
79215   99745   3546    88333   38920   
5753    20343   48830   45909   28837   
37197   14743   61386   13382   60719   
80044   25492   98394   64126   73190   
65621   784     28388   39971   23086   
81336   21093   5553    86133   32460   
10724   93655   67868   53019   2900    
46452   33977   64132   22932   88149   
16381   2265    63193   15073   39060   
62065   52895   15055   51660   46014   
25213   9037    95042   33841   44708   
74045   31590   71553   21020   96262   
30879   29078   77711   15370   24956   
44573   46728   68954   12230   58069   
95258   12884   42238   43142   88999   
49771   60469   42286   58802   98263   
15568   186     69034   12000   2872    
17854   99831   16856   34773   31438   
41563   58641   8978    44692   94168   
501     93660   18515   31542   86770   
87384   77813   52924   35756   79624   
2848    91562   36647   90874   28141   
3425    17509   38100   88216   7803    
28819   40113   81676   70090   87201   
70743   71621   44139   19430   93449   
6272    86466   76036   44559   22673   
16908   1001    78447   80480   15320   
79215   99745   3546    88333   38920   
78817   58654   33572   29265   50897   
48006   48098   67845   64568   78015   
89572   33919   12550   13971   58960   
58770   68560   16945   81225   75570   
95679   84128   33701   34703   82945   
84469   57763   84513   43237   5027    
30485   23287   35402   28005   33754   
2095    63458   95367   59263   45313   
81560   3004    45432   3527    52032   
11554   8405    77282   71822   5452    
48006   48098   67845   64568   78015   
7949    78907   58360   27610   78958   
1398    46293   42235   1338    32086   
7299    15622   93421   38972   77407   
60832   35960   66424   87424   644     
44573   46728   68954   12230   58069   
60221   58678   89937   81959   70585   
83725   77238   21573   76846   64632   
3157    36025   9947    83927   95638   
12989   55903   6308    8499    27592   
69236   94992   81822   50009   3012    
40738   86657   24771   44243   64543   
43140   83139   9252    36891   69215   
5753    20343   48830   45909   28837   
84469   57763   84513   43237   5027    
61687   88013   90738   84049   99068   
26694   49121   65752   43191   78995   
74217   78335   81858   27147   58435   
58647   55533   85115   81927   54166   
25117   85241   36245   4874    35209   
69827   17835   91917   7298    94721   
73532   64506   62548   33329   72871   
155     63712   47057   70441   89245   
34678   96024   37917   42633   92677   
56623   61837   87505   72941   71086   
12910   64520   62058   97354   49539   
46757   95518   60340   53266   8539    
29477   36282   99236   9454    81495   
98108   96391   13580   8734    49455   
50152   67400   72110   34581   62832   
45783   61640   42489   96638   97913   
71115   81266   10386   26226   62489   
48907   33229   44638   43101   96108   
64055   40170   82582   67847   88091   
3425    17509   38100   88216   7803    
33886   93094   21896   47845   78062   
70743   71621   44139   19430   93449   
42544   46918   91218   57049   60281   
90250   97076   90443   27520   86969   
45195   78033   45919   38545   96593   
37699   94188   57782   49613   92034   
71329   60337   41439   38781   95930   
21058   89195   60701   30178   95631   
44032   64490   63347   66181   47871   
90250   97076   90443   27520   86969   
79099   6551    29147   68682   85121   
40466   13569   12910   73070   83438   
95492   27159   40888   48391   1079    
17185   84182   95842   113     29562   
88623   84040   2002    48997   18432   
93662   63080   66687   72689   25859   
37649   66774   65869   98311   29206   
3157    36025   9947    83927   95638   
88875   6161    72873   60349   32587   
46757   95518   60340   53266   8539    
48006   48098   67845   64568   78015   
55396   2956    7511    28882   78626   
55248   11853   75510   66924   72693   
84269   24713   3311    1447    47811   
99191   10832   22533   40769   88655   
20500   49414   51510   92388   59051   
10796   73340   10504   2689    14715   
61687   88013   90738   84049   99068   
56765   22197   11191   28043   7091    
22001   64084   2587    41411   81361   
80044   25492   98394   64126   73190   
69211   92851   39102   43220   31035   
89864   58559   59793   7696    81239   
92440   44151   27659   19585   40702   
44573   46728   68954   12230   58069   
57231   6720    84213   94748   97116   
31628   78985   76504   92506   84847   
14179   13991   37515   2122    34720   
95237   86085   59795   65985   28617   
60508   65837   66489   92368   76328   
83542   47231   66348   69568   85261   
5753    20343   48830   45909   28837   
25614   36001   20978   96144   22004   
53784   79453   33837   29478   54539   
65773   86674   45460   6954    39105   
66196   74109   22362   63172   41965   
4866    64006   20647   98021   70074   
48006   48098   67845   64568   78015   
73355   7615    80011   18707   21350   
57171   92132   66312   7300    54596   
22001   64084   2587    41411   81361   
86506   97709   1474    30515   15511   
40272   37466   36069   40885   18608   
59584   367     21137   12236   38210   
69211   92851   39102   43220   31035   
15277   21115   35890   13293   85847   
78942   15690   10948   23559   87282   
13494   71146   55090   79224   639     
4221    29189   76308   78579   49237   
83725   77238   21573   76846   64632   
37253   15436   86258   15725   21137   
78311   53533   50468   76362   91283   
23454   41073   2279    65542   62804   
22219   52548   73418   12622   77652   
17854   99831   16856   34773   31438   
81063   9964    15955   47082   41081   
20898   60696   16777   31      67210   
17854   99831   16856   34773   31438   
41166   45935   43699   4380    52602   
30485   23287   35402   28005   33754   
32469   76609   97959   95266   14853   
94950   18777   27238   76309   36412   
93357   38794   33870   62268   97320   
79215   99745   3546    88333   38920   
87803   60056   95725   42658   82760   
32482   3394    72052   6118    48754   
50231   44528   30188   244     54218   
89324   20452   87945   72927   87960   
9722    9836    8422    31687   54758   
90250   97076   90443   27520   86969   
31820   7987    51215   93400   16014   
83542   47231   66348   69568   85261   
81465   23172   3912    81781   97193   
59797   42908   54011   24123   77993   
10084   61146   6176    38066   6833    
34664   69758   24666   19089   32141   
22219   52548   73418   12622   77652   
37197   14743   61386   13382   60719   
90250   97076   90443   27520   86969   
77781   69349   2695    68906   47484   
49408   85283   31320   37828   19288   
67083   76627   3893    51745   56229   
51847   52353   51439   78091   72527   
61252   72279   99778   12670   29207   
67347   17084   51753   25821   75643   
32194   36288   60323   86215   47832   
3393    12067   11210   37809   83081   
95665   59461   14539   60823   337     
74171   19823   74691   14681   1353    
13759   73693   13817   5974    21113   
27144   18696   29817   99568   14272   
87359   39684   23938   30678   3439    
35968   89904   76348   44921   98178   
14852   5289    23657   18338   21843   
29376   92969   52106   61610   58181   
26958   75608   20172   92232   613     
60596   60420   47007   84437   72579   
44573   46728   68954   12230   58069   
19662   41462   91395   96384   61533   
53299   13562   93459   92429   7699    
29073   60305   60294   44010   22325   
27662   79040   98460   72796   48827   
48006   48098   67845   64568   78015   
61639   73804   20049   90492   109     
45195   78033   45919   38545   96593   
74976   82752   6878    7524    64569   
42405   99682   90281   55180   86689   
48907   33229   44638   43101   96108   
11554   8405    77282   71822   5452    
14712   17445   90318   18468   36044   
77100   14384   69902   84369   88736   
31569   59979   7347    57873   71496   
54335   9661    40715   517     74975   
22219   52548   73418   12622   77652   
52106   582     75846   38802   28724   
58770   68560   16945   81225   75570   
22001   64084   2587    41411   81361   
96916   68069   44992   32698   99477   
40738   86657   24771   44243   64543   
99554   35813   13695   35177   33242   
10118   14552   64419   86815   92438   
25119   44889   61918   28164   51025   
48702   59485   6505    18914   66400   
46452   33977   64132   22932   88149   
38666   58544   13096   36064   14575   
87488   34685   92788   42705   18927   
77342   47284   16417   55442   68048   
93322   10910   74030   90343   99652   
71367   34748   16595   33469   37975   
23069   54735   35382   58139   2984    
9834    56748   8331    96361   5389    
17569   10796   72088   34263   89988   
66689   16975   39289   41775   72580   
24768   9834    27409   72306   54903   
87359   39684   23938   30678   3439    
20898   60696   16777   31      67210   
90250   97076   90443   27520   86969   
80538   86984   74134   58416   32098   
14863   36278   35736   57733   20788   
43140   83139   9252    36891   69215   
53299   13562   93459   92429   7699    
87359   39684   23938   30678   3439    
32364   32519   70160   66467   95988   
5753    20343   48830   45909   28837   
85789   68303   97693   15017   8627    
64687   81805   97662   52041   70843   
86178   80344   14032   64292   46128   
87414   15365   66038   7592    86099   
93342   1213    27923   79035   59700   
95076   25904   8508    57915   67328   
5027    55147   88303   77083   84891   
9204    13057   48166   86540   49195   
42937   33034   23165   33948   57377   
1881    20448   21270   92930   49230   
155     63712   47057   70441   89245   
76545   42789   33339   83701   35862   
44573   46728   68954   12230   58069   
1904    73972   50203   96148   37509   
1398    46293   42235   1338    32086   
44573   46728   68954   12230   58069   
6255    62895   49353   66636   10089   
30879   29078   77711   15370   24956   
1790    88042   66359   15446   86227   
83542   47231   66348   69568   85261   
61856   25380   98557   96945   2286    
39979   67208   93292   40988   64777   
59615   18007   17826   85312   18460   
88615   54872   95377   2333    35124   
77359   10023   73204   41567   82953   
36243   17287   86293   78997   46839   
22070   4262    64965   11892   65754   
74976   82752   6878    7524    64569   
15542   52764   73999   40928   37011   
79215   99745   3546    88333   38920   
24059   66754   87699   37214   34787   
26642   48294   77713   52912   21766   
37717   60738   46361   9272    64766   
36036   3001    49104   56365   62938   
68548   21757   47974   42309   3856    
71262   89460   27979   37549   45049   
17434   47941   97532   99776   81267   
66275   33199   50069   13233   42053   
77342   47284   16417   55442   68048   
62100   78876   31821   90676   88699   
84202   37027   97256   71611   83062   
30906   87624   58033   24333   43235   
58647   55533   85115   81927   54166   
19144   46263   8181    22401   38518   
87903   73325   52982   70990   64689   
9724    61307   99640   70697   26284   
53299   13562   93459   92429   7699    
54136   70498   78997   10655   33829   
50487   4280    62149   20986   73215   
43182   85617   80685   61726   49627   
2848    91562   36647   90874   28141   
83542   47231   66348   69568   85261   
90881   56830   38803   56830   92010   
84423   33144   58365   31916   24354   
44573   46728   68954   12230   58069   
22219   52548   73418   12622   77652   
11636   27682   79354   59163   35047   
11554   8405    77282   71822   5452    
47862   29551   23812   11398   84711   
16973   49094   83415   6664    77567   
33957   38944   37751   79657   61657   
89324   20452   87945   72927   87960   
84467   78488   56514   654     53392   
57719   79000   90985   7923    62150   
22219   52548   73418   12622   77652   
79821   37102   63504   93926   28614   
68320   85479   47445   95807   80520   
84469   57763   84513   43237   5027    
32979   17611   48223   35472   4396    
87803   60056   95725   42658   82760   
54947   84884   77510   73733   40500   
84269   24713   3311    1447    47811   
95993   66380   37406   41865   34420   
50231   44528   30188   244     54218   
87166   54102   62619   93901   85763   
56335   69879   41301   93495   31580   
24059   66754   87699   37214   34787   
54038   42651   36011   28800   59902   
45222   50668   68518   35867   91037   
87359   39684   23938   30678   3439    
29073   60305   60294   44010   22325   
84269   24713   3311    1447    47811   
18999   58907   55035   55751   15704   
97251   49088   74001   54203   20621   
32331   73282   49893   5711    96392   
46378   80323   3106    42153   22018   
19040   13071   21379   4918    24162   
82022   78224   78996   4306    4799    
87488   34685   92788   42705   18927   
87220   33684   80430   73758   70005   
72964   36016   26394   67717   77459   
84469   57763   84513   43237   5027    
14661   59520   32684   54988   76919   
67347   17084   51753   25821   75643   
81336   21093   5553    86133   32460   
44573   46728   68954   12230   58069   
21111   3071    28800   81361   68597   
58431   54176   27723   85334   232     
28763   1917    56732   91209   57472   
2848    91562   36647   90874   28141   
60864   68150   90095   82333   38945   
96402   45406   87691   40090   42102   
90881   56830   38803   56830   92010   
56079   42295   10533   17375   22380   
67549   47668   62075   21721   85914   
76869   75821   37077   75431   11592   
64641   29748   2922    69156   70331   
44573   46728   68954   12230   58069   
31820   7987    51215   93400   16014   
89989   47174   45718   36615   61949   
77908   53099   29047   11248   76482   
29073   60305   60294   44010   22325   
43878   17055   83956   61424   43512   
16788   7599    86283   65572   13638   
23001   55596   45317   74985   7657    
9834    56748   8331    96361   5389    
92436   10693   40441   48188   96189   
48006   48098   67845   64568   78015   
70945   53201   83106   96010   79819   
25678   20014   2455    51687   90194   
71521   29101   35229   51110   37391   
84269   24713   3311    1447    47811   
54947   84884   77510   73733   40500   
18906   68942   36202   38581   53042   
67347   17084   51753   25821   75643   
26958   75608   20172   92232   613     
27170   24352   88927   39435   16281   
7581    95224   30307   3223    30134   
17702   64745   42012   38633   6197    
95157   88188   25433   725     59800   
28905   99908   39096   81101   69600   
5140    53049   9055    92957   55886   
96808   57404   95388   67519   3550    
22219   52548   73418   12622   77652   
78308   31234   89093   24890   626     
90250   97076   90443   27520   86969   
81457   55699   97845   55584   14533   
5753    20343   48830   45909   28837   
90288   12804   59893   30473   13030   
58647   55533   85115   81927   54166   
75498   85873   10843   48506   94532   
98893   10995   76914   87381   28009   
75807   70812   3816    38751   58938   
83465   21468   94709   93913   99552   
43615   68608   83864   49072   48043   
58647   55533   85115   81927   54166   
60323   2682    51734   88664   21332   
88716   2811    40295   90127   43755   
19702   38369   97284   57719   2787    
96402   45406   87691   40090   42102   
96142   54793   1014    86052   77510   
39357   44220   56034   17773   27401   
78029   7819    38036   51029   47354   
12444   33085   76536   86360   73442   
58647   55533   85115   81927   54166   
92182   29931   39184   85139   49015   
76606   99184   10288   44044   9641    
81731   91293   10423   96215   25910   
85440   62393   68700   1382    54079   
5787    53002   79955   2654    63894   
26351   5683    78747   50467   70208   
67397   11090   94574   6992    62623   
71521   29101   35229   51110   37391   
98501   27771   92893   5494    51150   
43878   17055   83956   61424   43512   
95247   57348   81118   61823   38624   
5753    20343   48830   45909   28837   
66739   38591   75304   94518   5691    
71080   67514   72842   16352   32245   
44032   64490   63347   66181   47871   
70554   86709   19982   18944   14959   
91980   5834    1447    18923   88918   
50638   80891   28209   91578   6217    
99037   59699   41116   28282   29444   
59417   65462   10959   67327   93736   
85984   45267   59809   9657    36708   
3778    31310   37668   46280   49893   
47089   83618   22394   14899   95794   
16304   82108   26950   74651   41882   
48006   48098   67845   64568   78015   
58647   55533   85115   81927   54166   
62559   44624   89964   1305    70708   
99910   26816   12816   65623   60505   
33957   38944   37751   79657   61657   
92436   10693   40441   48188   96189   
87131   26029   52942   63775   98300   
29073   60305   60294   44010   22325   
2835    45047   66373   58464   93631   
5753    20343   48830   45909   28837   
37359   99021   46773   16179   55287   
6494    12632   89959   87468   46332   
83542   47231   66348   69568   85261   
2848    91562   36647   90874   28141   
7676    96769   38672   56130   73303   
7302    53097   90024   83297   98972   
10471   17918   60917   73066   55756   
90496   95791   47650   50287   64713   
97993   26022   13017   42277   68033   
94075   55247   62689   53775   55685   
52643   1159    33859   68848   84997   
51328   58221   17893   53469   51674   
30662   4999    41866   85171   82071   
29073   60305   60294   44010   22325   
92436   10693   40441   48188   96189   
86772   89113   7633    40610   86587   
48893   57940   19652   6818    39936   
42121   29329   65767   18211   92631   
15549   49161   39285   949     88416   
3778    31310   37668   46280   49893   
57170   11807   63327   69574   90819   
44573   46728   68954   12230   58069   
87414   15365   66038   7592    86099   
27144   18696   29817   99568   14272   
43140   83139   9252    36891   69215   
20444   55900   15952   56725   36345   
25142   52089   773     4041    58140   
77797   804     70932   33215   15453   
66739   38591   75304   94518   5691    
61687   88013   90738   84049   99068   
75807   70812   3816    38751   58938   
75579   5656    9012    92831   809     
39785   27618   55225   10083   60001   
72133   52820   22804   37092   66782   
64055   40170   82582   67847   88091   
3796    18610   64712   15997   39541   
90456   95203   48365   52916   87844   
60864   68150   90095   82333   38945   
26010   94025   58819   39819   67426   
47545   72798   71916   43400   96729   
64858   77165   58913   70564   10351   
86853   45784   56934   45279   11062   
42937   33034   23165   33948   57377   
48006   48098   67845   64568   78015   
3425    17509   38100   88216   7803    
36987   11870   37234   29082   28473   
81336   21093   5553    86133   32460   
62183   30824   33349   25651   12714   
77026   53854   39252   16293   6004    
21233   57282   9562    23843   1758    
22219   52548   73418   12622   77652   
35243   15806   20322   97123   80420   
6730    82994   19446   13885   22853   
50231   44528   30188   244     54218   
90250   97076   90443   27520   86969   
32143   112     90770   47085   21366   
25603   569     57374   83594   31356   
34071   62076   21092   81312   11587   
77131   21017   3094    62345   27239   
10724   93655   67868   53019   2900    
62574   77403   73900   13429   34286   
25540   11083   30276   2402    40573   
37699   94188   57782   49613   92034   
71262   89460   27979   37549   45049   
3393    12067   11210   37809   83081   
15502   78442   36109   47019   13148   
44573   46728   68954   12230   58069   
26351   5683    78747   50467   70208   
7605    53869   25793   11079   38748   
74747   55399   93659   44849   4046    
74933   57623   6945    24685   696     
155     63712   47057   70441   89245   
17854   99831   16856   34773   31438   
84469   57763   84513   43237   5027    
501     93660   18515   31542   86770   
90250   97076   90443   27520   86969   
31987   41892   9961    21761   93222   
39960   89230   26453   32310   85965   
79448   75641   34732   15222   47857   
79215   99745   3546    88333   38920   
90250   97076   90443   27520   86969   