79253   92403   
51120   72276   
56454   92249   
81488   20974   
88359   7000    
6069    61985   
52849   54276   
89400   26698   
17695   13981   
32439   37954   
21881   94770   
34123   13678   
23631   41738   
31338   59189   
56924   24806   
8816    54302   
37331   2666    
2681    57355   
6963    59830   
35815   48021   
8423    35978   
95355   11086   
12622   22932   
99124   85267   
17695   13981   
23474   72005   
34436   45175   
85187   26771   
92007   46382   
68768   97975   
38436   85290   
28726   20379   
32866   30183   
8816    54302   
48936   57707   
95233   19829   
91358   11652   
68069   24794   
50592   18152   
52849   54276   
19345   16639   
72303   75163   
14494   86147   
20626   76080   
98688   98824   
46281   34911   
52849   54276   
77601   698     
58457   12145   
17695   13981   
17695   13981   
17695   13981   
99630   70351   
98854   30080   
96947   14309   
44859   89592   
45116   4589    
89400   26698   
41018   51520   
92495   4277    
28862   85767   
66253   19619   
91809   33490   
50592   18152   
2023    76464   
52849   54276   
18115   66642   
11833   6189    
50905   54452   
84202   52917   
80140   36899   
17695   13981   
87551   77352   
92892   47594   
44879   47137   
34432   58686   
72301   11200   
47147   17688   
17695   13981   
25288   14825   
49659   48964   
55376   67730   
91370   92603   
85187   26771   
20457   27972   
60040   14550   
73832   25207   
2086    47352   
17695   13981   
30219   93443   
12783   98499   
2481    5107    
75042   88197   
98816   16629   
85002   63514   
19930   15803   
17695   13981   
31338   59189   
68426   74854   
27088   67722   
12548   65006   
48030   47228   
17695   13981   
3832    42412   
32709   11621   
32866   30183   
63496   9656    
90567   42652   
52849   54276   
26701   58896   
25281   67862   
22711   34980   
25389   99883   
22711   34980   
32009   21802   
30219   93443   
19867   79744   
70427   87365   
21070   96483   
75931   19917   
47686   70850   
32627   27372   
48494   26320   
58710   35119   
17695   13981   
25224   11195   
80140   36899   
4713    60239   
90619   78014   
62751   52814   
17695   13981   
53203   24297   
22261   59314   
19930   15803   
11255   32745   
52298   90299   
55428   50536   
47315   17350   
99118   64862   
9689    70136   
75042   88197   
4222    58229   
7187    39051   
79296   65177   
9689    70136   
51557   82598   
7968    54542   
17896   47070   
50592   18152   
11115   66444   
20457   27972   
42858   57799   
3853    34659   
63010   91659   
70700   55020   
14436   4124    
24419   41478   
78155   85407   
32137   90056   
54480   10358   
55775   58999   
88121   39152   
63461   8443    
67379   17832   
84015   37817   
80940   98636   
37572   53674   
85328   82626   
17736   33540   
97428   71695   
43347   53575   
5403    38144   
45116   4589    
41921   72410   
13621   37585   
45560   94071   
31488   22903   
7865    82316   
63577   18798   
3587    14989   
3328    36833   
36052   12460   
47147   17688   
45116   4589    
12309   563     
32137   90056   
61397   18939   
72553   6731    
17695   13981   
67923   74631   
83775   27646   
85187   26771   
75042   88197   
58793   2376    
33053   86836   
63050   8147    
45451   68983   
55455   43749   
84278   52563   
67739   97691   
5403    38144   
56346   824     
68797   82887   
59826   5673    
98600   21695   
10529   82661   
58996   49853   
13214   8890    
46281   34911   
34694   7624    
81450   79983   
65194   10304   
14436   4124    
23090   65217   
72303   75163   
23631   41738   
93867   58622   
16918   64911   
47147   17688   
8816    54302   
37740   15514   
75931   19917   
20457   27972   
3817    74238   
12783   98499   
32137   90056   
52849   54276   
50034   58031   
91370   92603   
47147   17688   
28497   54905   
58936   25888   
56417   49822   
16513   38492   
65870   7347    
19523   8041    
19345   16639   
72625   45706   
44633   71611   
17695   13981   
97372   44486   
14436   4124    
63050   8147    
58793   2376    
52416   7061    
7619    11167   
17695   13981   
32137   90056   
25389   99883   
79928   50354   
91674   59639   
50034   58031   
46281   34911   
53712   31971   
28335   65479   
87610   45321   
24332   44308   
56346   824     
32137   90056   
64406   14922   
93484   80545   
78026   47790   
70119   79623   
98468   28157   
55455   43749   
26517   99210   
19168   43603   
28223   47319   
83560   1621    
28294   19168   
86027   74349   
58085   71300   
4336    35156   
20794   87286   
45810   59992   
29729   45735   
23522   66936   
35691   48658   
81488   20974   
46351   15761   
47147   17688   
63050   8147    
68768   97975   
91287   9428    
89720   88713   
75500   34024   
12783   98499   
67751   76534   
17695   13981   
34638   43279   
19345   16639   
87245   33369   
52849   54276   
15186   60982   
80140   36899   
65194   10304   
91809   33490   
43920   41400   
49149   69578   
56081   56083   
3817    74238   
17695   13981   
28497   54905   
45810   59992   
33206   26527   
86689   76354   
25389   99883   
87297   84678   
5403    38144   
22711   34980   
79855   97924   
78903   99373   
43920   41400   
91918   26741   
48330   80055   
13259   72133   
83467   15650   
5403    38144   
48936   57707   
55376   67730   
17695   13981   
31466   99573   
67200   43320   
84306   87340   
3390    97288   
30851   13112   
98292   1403    
17695   13981   
32885   47527   
57956   34501   
1331    18890   
56456   44130   
24419   41478   
55844   509     
96072   93972   
11463   1115    
80136   9975    
19345   16639   
79855   97924   
58220   6132    
58779   73872   
20457   27972   
75742   62038   
29396   728     
22640   4196    
21732   43644   
87251   92510   
63939   67482   
14436   4124    
14436   4124    
32866   30183   
2012    27900   
15672   55731   
10444   89272   
56346   824     
72478   50342   
36052   12460   
17695   13981   
48330   80055   
8423    35978   
38436   85290   
37786   71630   
32137   90056   
17695   13981   
44815   93151   
5403    38144   
35457   84639   
29028   29312   
12954   23403   
36837   16505   
28256   65341   
74961   44475   
78588   42005   
17695   13981   
93867   58622   
19345   16639   
95550   95433   
63889   47745   
65194   10304   
49854   32458   
45810   59992   
53840   20210   
33181   64410   
17695   13981   
17695   13981   
64695   88867   
46130   29933   
53426   8877    
24364   76333   
10367   92566   
25288   14825   
15000   9104    
19515   94089   
2562    98240   
56472   39314   
15607   51384   
47147   17688   
71113   26176   
77652   60687   
84298   84601   
69628   38547   
45655   55292   
88818   20333   
45810   59992   
41442   32242   
93799   85679   
84452   12721   
81009   96066   
97639   60989   
3390    97288   
5403    38144   
76277   50379   
99519   10414   
82179   77238   
17695   13981   
43899   68643   
80423   69919   
60867   31528   
95233   19829   
56924   24806   
7187    39051   
53226   40085   
88173   56178   
29866   25594   
76426   93740   
96169   29281   
52164   17286   
94450   36228   
7861    90916   
79855   97924   
77361   68957   
26701   58896   
87610   45321   
94068   20993   
57956   34501   
95355   11086   
50186   99094   
31302   66816   
44614   24071   
45900   71298   
40651   71766   
67092   77346   
21442   53492   
98111   1717    
22603   28393   
36052   12460   
70333   36051   
25288   14825   
61094   1028    
3617    43789   
52849   54276   
50331   21213   
28887   83342   
10626   39412   
50905   54452   
53203   24297   
36030   21186   
40758   91623   
97553   88643   
67965   12433   
92892   47594   
8816    54302   
13247   11108   
17406   86583   
72023   72629   
12622   22932   
32866   30183   
10626   39412   
59183   9788    
27723   95068   
71652   87523   
98017   60476   
17695   13981   
79855   97924   
122     61797   
17695   13981   
52849   54276   
22792   52992   
96816   94571   
99662   43005   
1331    18890   
50034   58031   
27985   92960   
41940   49052   
53226   40085   
70333   36051   
78026   47790   
71460   76601   
9004    45965   
56924   24806   
44224   93880   
77432   29239   
58793   2376    
84433   20136   
37572   53674   
18259   86300   
37331   2666    
78903   99373   
30312   54524   
34123   13678   
93799   85679   
68768   97975   
20435   39372   
8296    78613   
67965   12433   
71885   84222   
69786   87943   
65725   54474   
23433   75607   
99517   40387   
59576   77438   
82238   92618   
76587   3212    
8495    9587    
7184    67105   
41748   93000   
4183    34842   
91119   79129   
35457   84639   
44429   57502   
32866   30183   
17695   13981   
94930   70872   
30312   54524   
68524   90320   
83737   70481   
48494   26320   
89400   26698   
1816    48693   
97626   79509   
7184    67105   
25833   48831   
7861    90916   
26324   7154    
85328   82626   
52849   54276   
72036   37671   
81488   20974   
77652   60687   
92561   90089   
53723   61784   
46281   34911   
49712   96196   
33639   46929   
44316   12222   
40362   71874   
48936   57707   
89400   26698   
77652   60687   
3563    20946   
28256   65341   
36030   21186   
21092   2685    
21090   67883   
50034   58031   
5502    7717    
37135   93957   
43968   57247   
20794   87286   
67733   74994   
52849   54276   
62552   17849   
81009   96066   
56417   49822   
19795   47964   
75314   29789   
36837   16505   
19930   15803   
52416   7061    
96816   94571   
96477   75032   
32866   30183   
50422   56366   
54887   70955   
79855   97924   
12622   22932   
27320   35829   
63461   8443    
66641   95675   
26701   58896   
32788   15175   
49149   69578   
12229   26440   
79855   97924   
66342   79807   
75042   88197   
8423    35978   
47518   23328   
48363   36764   
91358   11652   
70333   36051   
19563   71671   
59734   87084   
34065   67786   
60996   9753    
66298   73458   
30880   28953   
49699   86296   
56081   56083   
93799   85679   
55207   74411   
90363   79003   
19800   49829   
40643   99652   
2259    90599   
68264   28894   
17695   13981   
96575   11083   
91918   26741   
22955   83104   
28351   29790   
80140   36899   
89400   26698   
82422   63507   
25389   99883   
17695   13981   
8087    57191   
78064   59183   
68524   90320   
32866   30183   
20827   87593   
17695   13981   
67825   11325   
30490   21306   
93335   45995   
32866   30183   
17695   13981   
17695   13981   
95233   19829   
46281   34911   
9699    78880   
50186   99094   
35763   17602   
45116   4589    
17695   13981   
23127   59530   
25224   11195   
50034   58031   
20457   27972   
56346   824     
42453   23621   
75042   88197   
79855   97924   
15672   55731   
12622   22932   
22464   26029   
1657    27827   
50592   18152   
9302    56197   
10087   35517   
81488   20974   
58793   2376    
56924   24806   
17736   33540   
70711   70699   
24364   76333   
99662   43005   
40362   71874   
79855   97924   
78155   85407   
32866   30183   
63461   8443    
32439   37954   
28497   54905   
24068   77058   
46408   16635   
48330   80055   
17695   13981   
90636   53378   
15790   66414   
72303   75163   
68505   51934   
33413   28264   
96273   16559   
37572   53674   
55106   8853    
31533   29008   
45757   57679   
77538   56626   
59795   5917    
67726   17298   
65976   18928   
21851   21171   
66253   19619   
50234   48084   
78713   46352   
7154    93296   
17215   89255   
54938   81836   
29184   65497   
65870   7347    
91287   9428    
65194   10304   
69786   87943   
92864   81808   
47260   70473   
8816    54302   
25224   11195   
77652   60687   
28301   26243   
36052   12460   
15672   55731   
55455   43749   
89470   39760   
39762   98341   
39762   98341   
56346   824     
65194   10304   
17695   13981   
75042   88197   
56346   824     
66253   19619   
70700   55020   
45874   42505   
87251   92510   
65976   18928   
1479    15149   
40419   55563   
81044   56469   
10992   16877   
34571   41585   
80589   56422   
51100   73847   
24364   76333   
45874   42505   
88194   14359   
27654   5656    
48936   57707   
94723   89050   
67529   35319   
20755   93142   
77652   60687   
31030   50335   
90448   43204   
25288   14825   
55768   64823   
48030   47228   
8206    20270   
32137   90056   
5547    90782   
89926   85638   
47321   19102   
17687   96461   
41502   78219   
17695   13981   
42330   93720   
80505   87019   
85328   82626   
29378   33551   
46281   34911   
51100   73847   
21653   40432   
79855   97924   
52228   79763   
95233   19829   
26324   7154    
61568   67258   
11833   6189    
5403    38144   
44857   21303   
17695   13981   
92864   81808   
79855   97924   
32627   27372   
87793   42759   
58793   2376    
96889   27025   
14121   94109   
16513   38492   
95233   19829   
10528   97400   
23631   41738   
55768   64823   
17908   92867   
95791   62855   
53203   24297   
47315   17350   
79855   97924   
17695   13981   
32137   90056   
96110   90272   
31346   96028   
65194   10304   
7154    93296   
87980   79246   
79855   97924   
17695   13981   
90978   18401   
24364   76333   
71504   67942   
41476   62829   
3610    72380   
32866   30183   
90235   19749   
36837   16505   
61506   99934   
57422   52587   
28335   65479   
30744   42570   
23123   86679   
65708   12959   
57627   38104   
51543   73386   
5403    38144   
45451   68983   
78722   55854   
55744   35505   
10529   82661   
36417   57023   
64695   88867   
32044   32583   
87155   31390   
38168   57875   
27548   21308   
54681   85347   
50664   50079   
82179   77238   
79855   97924   
56417   49822   
63050   8147    
96889   27025   
98769   46725   
80532   88559   
20457   27972   
48330   80055   
54323   64991   
96326   39118   
47147   17688   
17695   13981   
68524   90320   
77652   60687   
93382   31728   
83883   65641   
2588    62527   
77681   28438   
68264   28894   
56417   49822   
69628   38547   
3390    97288   
18115   66642   
90333   32273   
47982   1147    
73341   98338   
67477   81952   
70700   55020   
19752   25631   
50592   18152   
33009   19232   
61115   15114   
19913   37938   
61506   99934   
47915   82785   
75466   58928   
40362   71874   
65194   10304   
24948   43911   
79432   76344   
78026   47790   
28497   54905   
45593   85489   
33639   46929   
4766    2478    
2681    57355   
65765   79535   
15427   39993   
18497   45770   
19100   76013   
50362   55382   
11881   5255    
48330   80055   
54934   88773   
17695   13981   
10304   13937   
43423   19361   
25389   99883   
40362   71874   
2181    27429   
23433   75607   
3176    54498   
40643   99652   
79855   97924   
99010   44981   
20794   87286   
79855   97924   
60571   35489   
28260   409     
55844   509     
36125   65580   
7421    18273   
48403   68390   
38842   67      
7861    90916   
63461   8443    
2012    27900   
71773   63380   
95831   92825   
79855   97924   
50592   18152   
54754   43567   
17695   13981   
17695   13981   
85617   53604   
46881   90325   
68170   72454   
48208   53332   
11463   1115    
49854   32458   
5403    38144   
79855   97924   
81450   79983   
14436   4124    
48330   80055   
68365   39744   
27868   80867   
91370   92603   
3832    42412   
63455   61563   
28260   409     
94886   20827   
95457   7887    
2481    5107    
87610   45321   
45655   55292   
40251   74601   
67857   16883   
11833   6189    
92977   41573   
68505   51934   
74566   86948   
60553   44038   
11484   65555   
32439   37954   
7154    93296   
41970   10243   
24894   3997    
66253   19619   
87551   77352   
67904   48811   
22095   97194   
2012    27900   
98017   60476   
84298   84601   
22063   19955   
7187    39051   
70049   64533   
47147   17688   
68505   51934   
17695   13981   
42515   91887   
6551    24976   
93075   60806   
32982   66789   
11255   32745   
63985   77652   
28497   54905   
80110   95626   
29891   85359   
50034   58031   
48369   5937    
21851   21171   
40711   70296   
65137   57528   
95233   19829   
71460   76601   
29891   85359   
95233   19829   
2023    76464   
87610   45321   
24364   76333   
7381    69175   
89206   75892   
32866   30183   
7154    93296   
79855   97924   
40362   71874   
44988   61791   
64797   56013   
47616   40666   
13621   37585   
17908   92867   
32273   17887   
82422   63507   
63773   93950   
84010   69898   
47147   17688   
8816    54302   
37910   40701   
60571   35489   
17695   13981   
66882   72642   
55744   35505   
46130   29933   
37659   57543   
63010   91659   
68264   28894   
1479    15149   
14015   38717   
57681   98429   
34348   27731   
22640   4196    